Model,Creator,License,"Context
Window","Artificial Analysis
Intelligence Index",MMLU-Pro (Reasoning & Knowledge),GPQA Diamond (Scientific Reasoning),Humanity's Last Exam (Reasoning & Knowledge),LiveCodeBench (Coding),SciCode (Coding),HumanEval (Coding),MATH-500 (Quantitative Reasoning),AIME 2024 (Competition Math),Multilingual Index (Artificial Analysis),Chatbot Arena,"Blended
USD/1M Tokens","Input Price
USD/1M Tokens","Output Price
USD/1M Tokens","Median
Tokens/s","P5
Tokens/s","P25
Tokens/s","P75
Tokens/s","P95
Tokens/s","Median
First Chunk (s)","First Answer
Token (s)","P5
First Chunk (s)","P25
First Chunk (s)","P75
First Chunk (s)","P95
First Chunk (s)","Total
Response (s)","Reasoning
Time (s)","Further
Analysis",Release Date,Parameters,Known Active Parameters,Lowest Output Price Found AA,Lowest Input Price AA,Lowest Blended Price AA,Latency,token/s,Chinese,,Active Parameters,Chinese,MOE,Source,,Notes,,,Parameter Count #Solid
DeepSeek R1 0528 (May '25),DeepSeek,Open,128k,,84.90%,81.30%,14.90%,77.00%,40.30%,,98.30%,,,,$0.96,$0.55,$2.19,,,,,,,,,,,,,,,5/28/25,685,37,2,0.5,0.91,,,TRUE,,,,,,,,,,
Devstral,Mistral,Open,256k,,63.20%,43.40%,4.00%,25.80%,24.50%,,68.40%,,,,$0.15,$0.10,$0.30,,,,,,,,,,,,,,,5/21/25,23.6,,0.3,0.1,0.15,,,FALSE,,,,,,,,,,
Qwen3 32B (Reasoning),Alibaba,Open,128k,,79.80%,66.80%,8.30%,54.60%,35.40%,,96.10%,,,,$2.63,$0.70,$8.40,,,,,,,,,,,,,32.44,,4/28/25,32.8,,0.3,0.1,0.15,,,TRUE,,,,,,,,,,
Qwen3 30B A3B (Reasoning),Alibaba,Open,128k,,77.70%,61.60%,6.60%,50.60%,28.50%,,95.90%,,,,$0.75,$0.20,$2.40,,,,,,,,,,,,,,,4/28/25,30,3.3,0.3,0.1,0.15,,,TRUE,,,,,,,,,,
Qwen3 235B A22B (Reasoning),Alibaba,Open,128k,,82.80%,70.00%,11.70%,62.20%,39.90%,,93.00%,,,,$2.63,$0.70,$8.40,,,,,,,,,,,,,,,4/28/25,235,22,0.1,0.1,0.1,,,TRUE,,,,,,,,,,
Qwen3 4B (Reasoning),Alibaba,Open,32k,,69.60%,52.20%,5.10%,46.50%,3.50%,,93.30%,,,,$0.40,$0.11,$1.26,,,,,,,,,,,,,,,4/28/25,4,,0.24,0.08,0.12,,,TRUE,,,,,,,,,,
Qwen3 14B (Reasoning),Alibaba,Open,128k,,77.40%,60.40%,4.30%,52.30%,31.60%,,96.10%,,,,$1.31,$0.35,$4.20,,,,,,,,,,,,,,,4/28/25,14,,0.24,0.08,0.12,,,TRUE,,,,,,,,,,
Qwen3 4B,Alibaba,Open,32k,,58.60%,39.80%,3.70%,23.30%,16.70%,,84.30%,,,,$0.19,$0.11,$0.42,,,,,,,,,,,,,,,4/28/25,4,,0.42,0.11,0.19,,,TRUE,,,,,,,,,,
Qwen3 235B A22B,Alibaba,Open,128k,,76.20%,61.30%,4.70%,34.30%,29.90%,,90.20%,,,,$1.23,$0.70,$2.80,,,,,,,,,,,,,,,4/28/25,235,22,2.8,0.7,1.23,,,TRUE,,,,,,,,,,
Qwen3 32B,Alibaba,Open,128k,,72.70%,53.50%,4.30%,28.80%,28.00%,,86.90%,,,,$1.23,$0.70,$2.80,,,,,,,,,,,,,,,4/28/25,32,,2.8,,,,,TRUE,,,,,,,,,,
Qwen3 14B,Alibaba,Open,128k,,67.50%,47.00%,4.20%,28.00%,26.50%,,87.10%,,,,$0.61,$0.35,$1.40,,,,,,,,,,,,,,,4/28/25,14.8,,1.4,0.35,0.61,,,TRUE,,,,,,,,,,
Qwen3 30B A3B,Alibaba,Open,128k,,71.00%,51.50%,4.60%,32.20%,26.40%,,86.30%,,,,$0.35,$0.20,$0.80,,,,,,,,,,,,,,,4/28/25,30.5,3.3,0.8,0.2,0.35,,,TRUE,,,,,,,,,,
Qwen3 0.6B,Alibaba,Open,32k,,23.10%,23.10%,5.20%,7.30%,4.10%,,52.10%,,,,$0.19,$0.11,$0.42,,,,,,,,,,,,,,,4/28/25,0.6,,0.42,0.11,0.19,,,TRUE,,,,,,,,,,
Qwen3 1.7B,Alibaba,Open,32k,,41.10%,28.30%,5.20%,12.60%,6.90%,,71.70%,,,,$0.19,$0.11,$0.42,,,,,,,,,,,,,,,4/28/25,2,,0.42,0.11,0.19,,,TRUE,,,,,,,,,,
Qwen3 0.6B (Reasoning),Alibaba,Open,32k,,34.70%,23.90%,5.70%,12.10%,2.80%,,75.00%,,,,$0.40,$0.11,$1.26,,,,,,,,,,,,,,,4/28/25,0.6,,0.42,0.11,0.19,,,TRUE,,,,,,,,,,
Qwen3 1.7B (Reasoning),Alibaba,Open,32k,,57.00%,35.60%,4.80%,30.80%,4.30%,,89.40%,,,,$0.40,$0.11,$1.26,,,,,,,,,,,,,,,4/28/25,2,,1.26,0.11,0.4,,,TRUE,,,,,,,,,,
Qwen3 8B (Reasoning),Alibaba,Open,128k,,74.30%,58.90%,4.20%,40.60%,22.60%,,90.40%,,,,$0.66,$0.18,$2.10,,,,,,,,,,,,,,,4/28/25,8.2,,0.14,0.04,0.06,,,TRUE,,,,,,,,,,
Qwen3 8B,Alibaba,Open,128k,,64.30%,45.20%,2.80%,20.20%,16.80%,,82.80%,,,,$0.31,$0.18,$0.70,,,,,,,,,,,,,,,4/28/25,8.2,,0.7,0.18,0.31,,,TRUE,,,,,,,,,,
DeepSeek R1,,Open,128k,60,84%,71%,9%,62%,36%,98%,97%,68%,,,$0.96 ,$0.55 ,$2.19 ,23,21.8,22.4,30.3,36,3.25,105.36,2.61,2.97,4.33,8.35,127.11,102.1,ModelProviders,1/1/25,635,37,2,0.45,0.88,,,TRUE,,,,,,,,,,
QwQ-32B,,Open,131k,58,76%,59%,8%,63%,36%,98%,96%,78%,,,$0.47 ,$0.40 ,$0.55 ,94,24.6,39.9,374.4,429.4,0.52,27,0.21,0.34,0.89,1.89,32.32,26.49,ModelProviders,3/1/25,32.8,,0.2,0.15,0.16,,,TRUE,,,,,,32,,,,
DeepSeek V3 (Mar' 25),,Open,128k,53,82%,66%,5%,41%,36%,92%,94%,52%,,,$0.48 ,$0.27 ,$1.10 ,24.7,23.3,24,27.5,31.8,3.43,3.43,2.89,3.18,3.77,5.06,23.7,0,ModelProviders,3/1/25,671,37,0.8,0.27,0.45,,,TRUE,https://artificialanalysis.ai/models/deepseek-v3-0324,,TRUE,,,,,,,
DeepSeek R1 Distill Qwen 32B,,Open,128k,52,74%,62%,6%,27%,38%,95%,94%,69%,,,$0.22 ,$0.21 ,$0.24 ,24.3,18,20.8,45,49.7,1.02,83.49,0.23,0.29,1.1,1.94,104.11,82.47,ModelProviders,2/1/25,32,,0.18,0.12,0.14,0.24,48,TRUE,,,,,,32,,,,
Llama 4 Maverick,,Open,1m,51,81%,67%,5%,40%,33%,88%,89%,39%,,,$0.39 ,$0.22 ,$0.85 ,125.6,60.1,97.5,148.4,795.3,0.44,0.44,0.21,0.32,0.56,0.98,4.42,0,ModelProviders,3/1/25,402,17,0.2,0.15,0.2,0.1,858,FALSE,,,,,,,,,,
May be Maverick Lost Name,,Open,1m,51,81%,67%,5%,40%,33%,88%,89%,39%,,,$0.36 ,$0.20 ,$0.82 ,125.6,60.1,97.5,148.4,795.3,0.44,0.44,0.21,0.32,0.56,0.98,4.42,0,ModelProviders,3/1/25,,,,,,,,,,,,,,,I think this was Llama 4 Maverick but lost name,,,
DeepSeek R1 Distill Qwen 14B,,Open,128k,49,74%,48%,4%,38%,24%,93%,95%,67%,,,$0.88 ,$0.88 ,$0.88 ,102.9,27.1,43.6,140.1,170.2,0.6,20.04,0.28,0.37,0.73,0.91,24.9,19.44,ModelProviders,1/1/25,14,,0.15,0.15,0.15,0.28,168,TRUE,,,,,,14,,,,
DeepSeek R1 Distill Llama 70B,,Open,128k,48,80%,40%,6%,27%,31%,97%,94%,67%,,,$0.60 ,$0.54 ,$0.87 ,101.2,30.2,53.9,313.7,"2,563.70",0.5,20.25,0.19,0.32,0.8,1.81,25.19,19.75,ModelProviders,1/1/25,70,,0.4,0.1,0.17,0.16,2551,TRUE,,,,,,70,,,,
Reka Flash 3,,Open,128k,47,67%,53%,5%,44%,27%,95%,89%,51%,,,$0.35 ,$0.20 ,$0.80 ,56.2,55.6,55.8,57,57.9,0.99,36.59,0.93,0.95,1.03,1.18,45.49,35.6,ModelProviders,3/1/25,21,,0.8,0.2,0.35,0.95,57,,,,,,,,,,,
DeepSeek V3 (Dec '24),,Open,128k,46,75%,56%,4%,36%,35%,91%,89%,25%,86%,,$0.48 ,$0.27 ,$1.10 ,24.5,23.2,23.8,28.3,32,3.24,3.24,2.91,3.11,3.47,4.27,23.68,0,ModelProviders,12/1/24,671,37,0.25,0.25,0.25,,,TRUE,https://artificialanalysis.ai/models/deepseek-v3,,TRUE,,,,,,,
Llama 4 Scout,,Open,10m,43,75%,59%,4%,30%,17%,83%,84%,28%,,,$0.26 ,$0.15 ,$0.50 ,125,39,103.7,604.7,"2,589.00",0.39,0.39,0.22,0.3,0.53,0.8,4.39,0,ModelProviders,4/1/25,109,17,0.1,0.08,0.1,,,FALSE,,,TRUE,,,,,,,
QwQ 32B-Preview,,Open,33k,43,65%,56%,5%,34%,4%,87%,91%,45%,,,$0.58 ,$0.55 ,$0.75 ,54.8,33.6,47.1,78.8,96.1,0.42,36.9,0.18,0.29,0.64,1.17,46.02,36.48,ModelProviders,11/1/24,32,,0.18,0.12,0.14,0.26,80,TRUE,,,,,,32,,,,
Llama 3.3 70B,,Open,128k,41,71%,50%,4%,29%,26%,86%,77%,30%,84%,,$0.60 ,$0.59 ,$0.70 ,109.5,24.8,39.7,176.6,"1,790.30",0.51,0.51,0.25,0.37,0.63,1.25,5.08,0,ModelProviders,12/1/24,70,,0.25,0.07,0.12,0.17,2385,FALSE,,,,,,70,,,,
Llama 3.1 405B,,Open,128k,40,73%,52%,4%,31%,30%,85%,70%,21%,77%,1266,$3.50 ,$3.50 ,$3.50 ,31.4,11.3,26.1,56.3,168.1,0.83,0.83,0.39,0.55,1.21,2.18,16.78,0,ModelProviders,7/1/24,405,,0.8,0.8,0.8,,,,,,,,,405,,,,
Qwen2.5 72B,,Open,131k,40,72%,49%,4%,28%,27%,88%,86%,16%,83%,1259,$0.00 ,$0.00 ,$0.00 ,62.8,56.5,61.5,63.2,63.6,1.1,1.1,1,1.04,1.27,1.43,9.06,0,ModelProviders,9/1/24,72,,0.39,0.12,0.19,0.3,118,TRUE,,,,,,72,,,,
MiniMax-Text-01,,Open,4m,40,76%,58%,4%,25%,25%,86%,75%,13%,,,$0.42 ,$0.20 ,$1.10 ,36.4,21.8,29.8,40.7,54.5,0.86,0.86,0.64,0.69,1.01,1.8,14.59,0,ModelProviders,1/1/25,456,45.9,1.1,1.1,0.2,0.45,32,TRUE,,,,,,,,,,
Phi-4,,Open,16k,40,71%,57%,4%,23%,26%,87%,81%,14%,,,$0.22 ,$0.13 ,$0.50 ,42,36.6,39,44.4,45.5,0.47,0.47,0.41,0.44,0.66,1.96,12.37,0,ModelProviders,12/1/24,14,,0.14,0.07,0.09,0.44,113,FALSE,https://huggingface.co/microsoft/phi-4,,,,,,,,,
Command A,,Open,256k,40,71%,53%,5%,29%,28%,82%,82%,10%,,,$4.38 ,$2.50 ,$10.00 ,55.2,50,53.6,56.1,60.3,0.26,0.26,0.22,0.23,0.26,0.34,9.31,0,ModelProviders,3/1/25,111,,10,2.5,4.38,0.2,89,FALSE,,,,,,,,,,
Tulu3 405B,,Open,128k,40,72%,52%,4%,29%,30%,89%,78%,13%,,,$0.00 ,$0.00 ,$0.00 ,,,,,,,,,,,,,,ModelProviders,1/1/25,405,,,,,,,FALSE,,,,,,405,,,,
Llama 3.3 Nemotron Super 49B v1,,Open,128k,39,70%,52%,4%,28%,23%,83%,78%,19%,,,$0.00 ,$0.00 ,$0.00 ,,,,,,,,,,,,,,ModelProviders,3/1/25,49,,,,,,,FALSE,,,,,,49,,,,
Mistral Large 2 (Nov '24),,Open,128k,38,70%,49%,4%,29%,29%,90%,74%,11%,83%,,$3.00 ,$2.00 ,$6.00 ,37.1,15.3,27.5,44,59.4,0.58,0.58,0.36,0.41,0.99,4.31,14.06,0,ModelProviders,11/1/24,123,,6,2,3,0.42,90,FALSE,,,,,,,,,,
Gemma 3 27B,,Open,128k,38,67%,43%,5%,14%,21%,89%,88%,25%,,,$0.00 ,$0.00 ,$0.00 ,,,,,,,,,,,,,,ModelProviders,3/1/25,27.4,,0.2,0.1,0.13,0.38,78,FALSE,,,,,,27,,,,
Pixtral Large,,Open,128k,37,70%,51%,4%,26%,29%,85%,71%,7%,,,$3.00 ,$2.00 ,$6.00 ,31.9,14.9,23.6,36.6,39.7,0.49,0.49,0.36,0.43,0.67,2.72,16.18,0,ModelProviders,11/1/24,124,,6,2,3,0.37,81,FALSE,https://mistral.ai/news/pixtral-large,,,,,,,,,
Qwen2.5 Instruct 32B,,Open,128k,37,70%,47%,4%,25%,23%,90%,81%,11%,,,$0.15 ,$0.10 ,$0.30 ,,,,,,,,,,,,,,ModelProviders,9/1/24,32,,0.2,0.06,0.1,0.54,88,TRUE,,,,,,32,,,,
Llama 3.1 Nemotron 70B,,Open,128k,37,69%,47%,5%,17%,23%,82%,73%,25%,,1269,$0.24 ,$0.18 ,$0.40 ,40.2,24.5,37.5,57.5,72,0.58,0.58,0.29,0.52,0.65,1.02,13.02,0,ModelProviders,10/1/24,70,,,,,,,FALSE,,,,,,70,,,,
Mistral Large 2 (Jul '24),,Open,128k,37,68%,47%,3%,27%,27%,89%,71%,9%,,1251,$3.00 ,$2.00 ,$6.00 ,36.5,10.4,32.6,40,42.8,0.52,0.52,0.42,0.47,1.3,2.95,14.2,0,ModelProviders,7/1/24,123,,6,2,3,0.43,85,FALSE,https://mistral.ai/news/mistral-large-2407,,,,,,,,,
Qwen2.5 Coder 32B,,Open,131k,36,64%,42%,4%,30%,27%,90%,77%,12%,,1220,$0.20 ,$0.20 ,$0.20 ,64.5,14.1,48.7,67.5,87.9,0.42,0.42,0.23,0.32,0.65,1.35,8.17,0,ModelProviders,11/1/24,32,,0.15,0.06,0.08,0.22,87,TRUE,,,,,,32,,,,
Llama 3.1 70B,,Open,128k,35,68%,41%,5%,23%,27%,81%,65%,17%,,1249,$0.66 ,$0.66 ,$0.73 ,45.1,19.1,31.8,116.3,164.4,0.57,0.57,0.25,0.44,0.78,1.8,11.66,0,ModelProviders,7/1/24,70,,,,,,,FALSE,,,,,,70,,,,
Mistral Small 3.1,,Open,128k,35,66%,45%,5%,21%,27%,86%,71%,9%,,,$0.15 ,$0.10 ,$0.30 ,166.6,40.8,100.6,179,193.4,0.34,0.34,0.26,0.31,0.42,0.88,3.34,0,ModelProviders,3/1/25,24,,0.3,0.1,0.15,0.2,205,FALSE,,,,,,,,,,
Mistral Small 3,,Open,32k,35,65%,46%,4%,25%,24%,85%,72%,8%,,,$0.15 ,$0.10 ,$0.30 ,117.4,25.8,77.7,148.9,160,0.42,0.42,0.27,0.33,0.71,1.8,4.67,0,ModelProviders,3/1/24,24,,0.12,0.06,0.07,0.19,174,FALSE,https://mistral.ai/news/mistral-small-3,,,,,,,,,
DeepSeek R1 Distill Llama 8B,,Open,128k,34,54%,30%,4%,23%,12%,84%,85%,33%,,,$0.04 ,$0.04 ,$0.04 ,54,36.4,46.5,55.4,56.1,0.7,37.77,0.6,0.65,0.77,4,47.03,37.07,ModelProviders,1/1/25,8,,0.04,0.04,0.04,0.7,55,TRUE,,,,,,,,,,
Gemma 3 12B,,Open,128k,34,60%,35%,5%,14%,17%,83%,85%,22%,,,$0.06 ,$0.05 ,$0.10 ,44.1,27.2,38.5,50.9,55,0.47,0.47,0.39,0.43,0.55,0.95,11.82,0,ModelProviders,3/1/25,12,,0.1,0.05,0.06,0.69,26,FALSE,,,,,,12,,,,
Llama 3.2 90B (Vision),,Open,128k,33,67%,43%,5%,21%,24%,82%,63%,5%,,,$0.81 ,$0.81 ,$0.81 ,37,25.6,32.5,43.5,60.7,0.36,0.36,0.17,0.2,0.5,0.63,13.88,0,ModelProviders,9/1/24,90,,0.4,0.35,0.36,0.21,61,FALSE,,,,,,90,,,,
Qwen2 72B,,Open,131k,33,62%,37%,4%,16%,23%,83%,70%,15%,,1187,$0.00 ,$0.00 ,$0.00 ,31.1,30.8,30.9,46.1,46.8,1.27,1.27,1,1.16,1.3,1.7,17.34,0,ModelProviders,6/1/24,72,,0.9,0.9,0.9,0.48,42,TRUE,,,,,,72,,,,
DeepHermes 3 - Mistral 24B,,Open,32k,30,58%,38%,4%,20%,23%,75%,60%,5%,,,$0.00 ,$0.00 ,$0.00 ,,,,,,,,,,,,,,ModelProviders,3/1/25,24,,,,,,,FALSE,,,,,,24,,,,
Jamba 1.5 Large,,Open,256k,29,57%,43%,4%,14%,16%,24%,61%,5%,,1221,$3.50 ,$2.00 ,$8.00 ,65.9,46.6,58.8,67.2,69.2,0.56,0.56,0.35,0.39,0.69,0.91,8.14,0,ModelProviders,8/1/24,398,94,8,2,3.5,,,FALSE,https://artificialanalysis.ai/models/jamba-1-5-large,,TRUE,,,,,,,
Hermes 3 - Llama-3.1 70B,,Open,128k,29,57%,40%,4%,19%,23%,75%,54%,2%,,,$0.00 ,$0.00 ,$0.00 ,,,,,,,,,,,,,,ModelProviders,8/1/24,70,,,,,,,,,,,,,70,,,,
Jamba 1.6 Large,,Open,256k,29,56%,39%,4%,17%,18%,70%,58%,5%,,,$3.50 ,$2.00 ,$8.00 ,63.5,49.4,59.7,67,69.8,0.53,0.53,0.38,0.46,0.62,0.78,8.41,0,ModelProviders,3/1/25,398,94,8,2,3.5,0.59,50,FALSE,https://openrouter.ai/ai21/jamba-1.6-large,,TRUE,,,,,,,
Llama 3 70B,,Open,8k,27,57%,38%,4%,20%,19%,79%,48%,0%,,1206,$0.88 ,$0.80 ,$0.88 ,45.3,18.6,29.7,135,332.8,0.5,0.5,0.24,0.37,0.76,1.4,11.53,0,ModelProviders,4/1/24,70,,0.4,0.3,0.33,0.24,334,FALSE,,,,,,70,,,,
Mistral Small (Sep '24),,Open,33k,27,53%,38%,4%,14%,16%,81%,56%,6%,,,$0.30 ,$0.20 ,$0.60 ,61.6,8.6,53.5,80.5,96.8,0.55,0.55,0.33,0.36,1.19,2.2,8.66,0,ModelProviders,9/1/24,22,,0.6,0.2,0.3,0.29,84,,https://artificialanalysis.ai/models/mistral-small,,,,,,,,,
Phi-4 Multimodal,,Open,128k,27,49%,32%,4%,13%,11%,73%,69%,9%,,,$0.00 ,$0.00 ,$0.00 ,21.2,17.8,20.6,22.8,23.6,0.37,0.37,0.3,0.33,0.49,0.56,23.96,0,ModelProviders,2/1/24,5.57,,,,,,,,https://huggingface.co/microsoft/Phi-4-multimodal-instruct,,,,,,,,,
Qwen2.5 Coder 7B,,Open,131k,27,47%,34%,5%,13%,15%,90%,66%,5%,,,$0.03 ,$0.02 ,$0.06 ,207.7,198,200.4,219.2,220.4,0.51,0.51,0.46,0.47,0.54,0.64,2.91,0,ModelProviders,9/1/24,7.6,,,,,,,,,,TRUE,,,7,,,,
Mixtral 8x22B,,Open,65k,26,54%,33%,4%,15%,19%,72%,55%,0%,,1148,$3.00 ,$2.00 ,$6.00 ,59.9,30.9,50.6,74.6,84.1,0.4,0.4,0.29,0.32,0.52,0.71,8.75,0,ModelProviders,4/1/24,141,39,1.2,1.2,1.2,0.31,91,,,,TRUE,,,,,,,
Phi-4 Mini,,Open,128k,26,47%,33%,4%,13%,11%,74%,70%,3%,,,$0.00 ,$0.00 ,$0.00 ,55.5,21,53.7,56.5,58,0.35,0.35,0.3,0.33,0.48,0.59,9.37,0,ModelProviders,2/1/24,3.84,,0.12,0.12,0.12,0.26,222,,https://huggingface.co/microsoft/Phi-4-mini-instruct,,,,,,,,,
Phi-3 Medium 14B,,Open,128k,25,54%,33%,5%,15%,12%,0%,46%,1%,,1123,$0.30 ,$0.17 ,$0.68 ,51.9,17.6,49.9,53.2,54.5,0.44,0.44,0.37,0.42,0.55,0.67,10.08,0,ModelProviders,5/1/24,14,,0.68,0.17,0.3,0.4,51,FALSE,,,,,,14,,,,
Gemma 3 4B,,Open,128k,24,42%,29%,5%,7%,6%,72%,77%,5%,,,$0.03 ,$0.02 ,$0.04 ,94.4,47.1,81.7,100.5,112.6,0.3,0.3,0.24,0.27,0.34,0.48,5.6,0,ModelProviders,3/1/25,4,,0.04,0.02,0.03,0.24,85,,,,,,,4,,,,
Llama 3.1 8B,,Open,128k,24,48%,26%,5%,12%,13%,67%,52%,8%,61%,1172,$0.10 ,$0.10 ,$0.10 ,138.2,51,72.5,455.8,"2,131.20",0.38,0.38,0.16,0.24,0.53,0.96,3.99,0,ModelProviders,2/1/25,8,,0.04,0.02,0.03,0.14,2268,,,,,,,8,,,,
Pixtral 12B,,Open,128k,23,47%,34%,5%,12%,14%,78%,46%,0%,,,$0.15 ,$0.15 ,$0.15 ,104.9,97.8,102.1,107.6,111,0.35,0.35,0.27,0.3,0.41,0.6,5.11,0,ModelProviders,9/1/24,12,,0.1,0.1,0.1,0.3,88,,,,,,,12,,,,
Ministral 8B,,Open,128k,22,39%,28%,5%,11%,12%,77%,57%,4%,,1183,$0.10 ,$0.10 ,$0.10 ,144.7,27,110,147.2,152.7,0.38,0.38,0.26,0.32,0.52,0.89,3.83,0,ModelProviders,10/1/24,8,,0.1,0.1,0.1,0.28,192,,,,,,,8,,,,
Gemma 2 9B,,Open,8k,22,50%,31%,4%,13%,1%,65%,52%,0%,,1190,$0.12 ,$0.12 ,$0.15 ,,,,,,,,,,,,,,ModelProviders,6/1/24,9,,0.06,0.03,0.04,0.21,729,FALSE,,,,,,9,,,,
Phi-3 Mini,,Open,4k,22,44%,32%,4%,12%,9%,25%,46%,4%,,1037,$0.00 ,$0.00 ,$0.00 ,,,,,,,,,,,,,,ModelProviders,4/1/24,3.8,,,,,,,,,,,,,,,,,
Command-R+,,Open,128k,21,43%,34%,5%,11%,12%,63%,40%,0%,,1215,$4.38 ,$2.50 ,$10.00 ,51.4,49.3,50.6,52.7,53.8,0.29,0.29,0.26,0.27,0.31,0.38,10.02,0,ModelProviders,8/1/24,104,,,,,,,,,,,,,,,,,
Llama 3 8B,,Open,8k,21,41%,30%,5%,10%,12%,71%,50%,0%,,1152,$0.09 ,$0.06 ,$0.14 ,82.3,41.6,73.5,147.7,"1,352.90",0.37,0.37,0.22,0.3,0.53,0.92,6.45,0,ModelProviders,4/1/24,8,,0.04,0.03,0.04,0.22,1344,FALSE,,,,,,8,,,,
Codestral (May '24),,Open,33k,20,33%,26%,5%,21%,22%,80%,35%,0%,,,$0.30 ,$0.20 ,$0.60 ,96.5,9.4,77.5,104.8,108.1,0.42,0.42,0.31,0.35,0.49,1.47,5.61,0,ModelProviders,5/1/24,22,,0.6,0.2,0.3,0.31,113,,,,,,,,,,,
Aya Expanse 32B,,Open,128k,20,38%,23%,5%,14%,15%,68%,45%,0%,65%,1207,$0.75 ,$0.50 ,$1.50 ,118.7,114.4,116.9,121.5,123.6,0.15,0.15,0.14,0.14,0.17,0.21,4.37,0,ModelProviders,10/1/24,32,,1.5,0.5,0.75,0.16,122,FALSE,,,,,,32,,,,
Llama 2 Chat 13B,,Open,4k,20,41%,32%,5%,10%,12%,,33%,2%,,1063,$0.00 ,$0.00 ,$0.00 ,,,,,,,,,,,,,,ModelProviders,7/1/23,13,,,,,,,,,,,,,13,,,,
Command-R+ (Apr '24),,Open,128k,20,43%,32%,5%,12%,12%,64%,28%,1%,,1190,$6.00 ,$3.00 ,$15.00 ,73,57.5,64.6,77.2,82,0.23,0.23,0.21,0.22,0.25,0.29,7.08,0,ModelProviders,4/1/24,104,,10,2.5,4.38,0.27,48,FALSE,,,,,,,,,,
DBRX,,Open,33k,20,40%,33%,7%,9%,12%,67%,28%,3%,,1103,$1.13 ,$0.75 ,$2.25 ,69.5,64,69.3,69.9,70.3,0.5,0.5,0.36,0.45,0.65,0.92,7.69,0,ModelProviders,3/1/24,132,36,,,,,,FALSE,,,,,,,,,,
Mistral NeMo,,Open,128k,20,40%,31%,4%,6%,10%,65%,40%,0%,,,$0.15 ,$0.15 ,$0.15 ,125.4,46.3,95.5,140.4,151.3,0.37,0.37,0.27,0.33,0.52,1.53,4.35,0,ModelProviders,7/1/24,12,,0.06,0.01,0.02,0.28,150,FALSE,https://mistral.ai/news/mistral-nemo,,,,,,,,,
Llama 3.2 3B,,Open,128k,20,35%,26%,5%,8%,5%,56%,49%,7%,,1103,$0.05 ,$0.04 ,$0.06 ,149.6,70.3,94.8,244.9,"1,592.30",0.46,0.46,0.18,0.3,0.54,0.93,3.81,0,ModelProviders,9/1/24,3,,0.02,0.01,0.01,0.2,1577,FALSE,,,,,,3,,,,
DeepSeek R1 Distill Qwen 1.5B,,Open,128k,19,27%,10%,3%,7%,7%,45%,69%,18%,,,$0.18 ,$0.18 ,$0.18 ,375.6,264.1,289.6,389.8,392.8,0.24,5.57,0.17,0.22,0.27,0.34,6.9,5.33,ModelProviders,1/1/25,1.5,,0.18,0.18,0.18,0.21,384,TRUE,,,,,,1.5,,,,
Jamba 1.5 Mini,,Open,256k,18,37%,30%,5%,6%,8%,63%,36%,1%,,1176,$0.25 ,$0.20 ,$0.40 ,164.4,121.8,153.1,169.8,187.3,0.32,0.32,0.16,0.26,0.43,0.61,3.37,0,ModelProviders,8/1/24,51.6,12,0.4,0.2,0.25,0.45,81,FALSE,https://huggingface.co/ai21labs/AI21-Jamba-Mini-1.5,,,,,,,,,
Jamba 1.6 Mini,,Open,256k,18,37%,30%,5%,7%,10%,43%,26%,3%,,,$0.25 ,$0.20 ,$0.40 ,200.6,183.3,195.5,203.9,205.9,0.33,0.33,0.19,0.27,0.42,0.71,2.82,0,ModelProviders,3/1/25,51.6,12,0.4,0.2,0.25,0.33,175,,https://huggingface.co/ai21labs/AI21-Jamba-Mini-1.6,,,,,,,,,
Mixtral 8x7B,,Open,33k,17,39%,29%,5%,7%,3%,1%,30%,0%,,1114,$0.70 ,$0.70 ,$0.70 ,68.9,9.1,42,95.4,103.8,0.39,0.39,0.28,0.34,0.64,1.59,7.65,0,ModelProviders,12/1/23,46.7,12.9,0.24,0.08,0.12,0.27,88,,,,,,,,,,,
DeepHermes 3 - Llama-3.1 8B,,Open,128k,16,37%,27%,4%,9%,9%,54%,22%,0%,,,$0.00 ,$0.00 ,$0.00 ,,,,,,,,,,,,,,ModelProviders,2/1/25,8,,,,,,,,,,,,,8,,,,
Aya Expanse 8B,,Open,8k,16,31%,25%,5%,7%,8%,44%,32%,0%,49%,,$0.75 ,$0.50 ,$1.50 ,166.1,161.2,163.6,169.4,174,0.12,0.12,0.1,0.11,0.15,0.21,3.14,0,ModelProviders,10/1/24,8,,1.5,0.5,0.75,,,FALSE,,,,,,8,,,,
Command-R,,Open,128k,15,34%,29%,5%,4%,9%,42%,15%,0%,,1179,$0.26 ,$0.15 ,$0.60 ,84.6,82.2,83,86.6,87.5,0.19,0.19,0.18,0.19,0.23,0.33,6.1,0,ModelProviders,8/1/24,32,,,,,,,,https://artificialanalysis.ai/models/command-r,,,,,,,,,
Command-R (Mar '24),,Open,128k,15,34%,28%,5%,5%,6%,40%,16%,1%,,1149,$0.75 ,$0.50 ,$1.50 ,175,166.9,172.3,177.4,181.3,0.16,0.16,0.13,0.14,0.17,0.29,3.02,0,ModelProviders,3/1/24,35,,1.5,0.5,,,,,,,,,,,,,,
Codestral-Mamba,,Open,256k,14,21%,21%,5%,13%,11%,80%,24%,0%,,,$0.25 ,$0.25 ,$0.25 ,94.3,7.8,72.8,96.1,98.9,0.52,0.52,0.4,0.43,0.75,47.07,5.82,0,ModelProviders,7/1/24,7.28,,,,,,,,https://mistral.ai/news/codestral-mamba,,,,,,,,,
Mistral 7B,,Open,8k,10,25%,18%,4%,5%,2%,40%,12%,0%,,1008,$0.25 ,$0.25 ,$0.25 ,102.3,14.1,61.6,111.9,115.5,0.45,0.45,0.26,0.32,0.6,1.28,5.34,0,ModelProviders,9/1/23,7,,0.05,0.03,0.04,,,FALSE,,,,,,7,,,,
Llama 3.2 1B,,Open,128k,10,20%,20%,5%,2%,2%,40%,14%,0%,,1054,$0.03 ,$0.03 ,$0.05 ,224.4,116.9,120.4,"1,535.60","2,633.20",0.41,0.41,0.16,0.21,0.48,0.61,2.63,0,ModelProviders,9/1/24,1,,0.01,0.01,0.01,0.22,2176,,,,,,,1,,,,
Llama 2 Chat 7B,,Open,4k,8,16%,23%,6%,0%,0%,,6%,0%,,1037,$0.10 ,$0.05 ,$0.25 ,132.7,124.7,130.8,135.4,138.6,0.45,0.45,0.38,0.41,0.75,12.64,4.22,0,ModelProviders,7/1/23,7,,0.25,0.05,0.1,0.53,130,FALSE,,,,,,7,,,,
Llama 3.2 11B (Vision),,Open,128k,,46%,22%,5%,11%,,69%,52%,9%,,,$0.16 ,$0.16 ,$0.16 ,107.2,39.6,83.1,125.1,144.5,0.32,0.32,0.15,0.24,0.46,0.6,4.98,0,ModelProviders,9/1/24,11,,0.05,0.05,0.05,0.18,188,,,,,,,11,,,,
Gemma 2 27B,,Open,8k,,57%,36%,4%,,13%,76%,54%,9%,,1219,$0.26 ,$0.17 ,$0.51 ,,,,,,,,,,,,,,ModelProviders,6/1/24,27,,0.8,0.8,0.8,0.25,92,,,,,,,27,,,,
Gemma 3 1B,,Open,32k,,10%,19%,,1%,,32%,14%,1%,,,$0.00 ,$0.00 ,$0.00 ,,,,,,,,,,,,,,ModelProviders,3/1/25,1,,,,,,,,,,,,,1,,,,
DeepSeek-V2.5 (Dec '24),,Open,128k,,,,,,,88%,76%,,,,$0.17 ,$0.14 ,$0.28 ,,,,,,,,,,,,,,ModelProviders,12/1/24,236,21,0.28,0.14,0.17,,,TRUE,,,,,,,price data mentioned diff,,,
DeepSeek-Coder-V2,,Open,128k,,,,,,,87%,74%,,,1178,$0.17 ,$0.14 ,$0.28 ,,,,,,,,,,,,,,ModelProviders,6/1/24,236,21,0.28,0.14,0.17,,,TRUE,,,,,,,price data mentioned diff,,,
DeepSeek LLM 67B (V1),,Open,4k,,,,,,,75%,,,,,$0.00 ,$0.00 ,$0.00 ,,,,,,,,,,,,,,ModelProviders,11/1/24,67,,,,,,,TRUE,,,,,,67,,,,
DeepSeek Coder V2 Lite,,Open,128k,,43%,32%,5%,16%,14%,,,,,,$0.09 ,$0.06 ,$0.18 ,111.3,44.6,107,114.9,120.5,0.59,0.59,0.55,0.56,0.61,0.72,5.08,0,ModelProviders,6/1/24,15.7,,,,,,,TRUE,https://huggingface.co/deepseek-ai/DeepSeek-Coder-V2-Lite-Instruct,,,,,,,,,
R1 1776,,Open,128k,,,,,,,,95%,,,,$3.50 ,$2.00 ,$8.00 ,,,,,,,,,,,,,,ModelProviders,2/1/25,671,37,8,2,3.5,,,FALSE,,,,,,,price data mentioned diff,,,
Solar Mini,,Open,4k,,,,,,,59%,33%,,,1062,$0.15 ,$0.15 ,$0.15 ,81.6,44.4,45.9,89.6,91.3,1.09,1.09,0.98,1.05,1.3,1.38,7.22,0,ModelProviders,1/1/24,10.7,,0.15,0.15,0.15,1.07,91,,https://artificialanalysis.ai/models/solar-mini,,,,,,,,,
Llama 3.1 Nemotron Ultra 253B Reasoning,,Open,128k,,,73%,,64%,,,,75%,,,$0.00 ,$0.00 ,$0.00 ,,,,,,,,,,,,,,ModelProviders,4/1/25,253,,1.8,0.6,0.9,0.65,42,,,,,,,,,,,
Arctic,,Open,4k,,,,,,,,,,,1090,$0.00 ,$0.00 ,$0.00 ,,,,,,,,,,,,,,ModelProviders,4/1/24,480,17,,,,,,FALSE,,,TRUE,,,,,,,
Qwen Chat 72B,,Open,34k,,,,,,,,,,,,$1.00 ,$1.00 ,$1.00 ,,,,,,,,,,,,,,ModelProviders,11/1/23,72,,,,,,,,,,,,,72,,,,
Qwen1.5 Chat 110B,,Open,32k,,,29%,,,,,,,,,$0.00 ,$0.00 ,$0.00 ,29.8,23.7,29.6,30,30.3,1.18,1.18,1.06,1.09,1.4,1.53,17.96,0,ModelProviders,4/1/24,110,,,,,,,,,,,,,110,,,,
Llama 2 Chat 70B,,Open,4k,,41%,33%,5%,10%,,,32%,,,1093,$0.00 ,$0.00 ,$0.00 ,,,,,,,,,,,,,,ModelProviders,7/1/23,70,,,,,,,,,,,,,70,,,,
DeepSeek-V2.5,,Open,128k,,,,,,,87%,,,,1258,$0.17 ,$0.14 ,$0.28 ,,,,,,,,,,,,,,ModelProviders,9/1/24,236,21,,,,,,,https://huggingface.co/deepseek-ai/DeepSeek-V2.5,,,,,,,,,
DeepSeek-V2,,Open,128k,,,,,,,87%,,,,1220,$0.17 ,$0.14 ,$0.28 ,,,,,,,,,,,,,,ModelProviders,5/1/24,236,21,,,,,,,https://huggingface.co/deepseek-ai/DeepSeek-V2,,,,,,,,,
OpenChat 3.5,,Open,8k,,31%,23%,5%,12%,,68%,31%,0%,,1076,$0.06 ,$0.06 ,$0.06 ,43.9,26.2,41.1,48.7,66.5,0.24,0.24,0.17,0.21,0.34,0.64,11.62,0,ModelProviders,12/1/23,7,,0.05,0.05,0.05,,,,https://artificialanalysis.ai/models/openchat-35,,,,,,,,,
Claude 4 Opus,Anthropic,Proprietary,200k,,86.00%,70.10%,5.90%,54.20%,40.90%,,94.10%,,,,$30.00,$15.00,$75.00,,,,,,,,,,,,,,,5/22/25,,,75.00,15.00,30.00,,,FALSE,,,,,,,,,,
Claude 4 Sonnet,Anthropic,Proprietary,200k,,83.70%,68.30%,4.00%,44.90%,37.30%,,93.40%,,,,$6.00,$3.00,$15.00,,,,,,,,,,,,,,,5/22/25,,,15.00,3.00,6.00,,,FALSE,,,,,,,,,,
Claude 4 Sonnet (Extended Thinking),Anthropic,Proprietary,200k,,84.60%,72.10%,8.50%,58.00%,40.00%,,97.50%,,,,$6.00,$3.00,$15.00,,,,,,,,,,,,,,,5/22/25,,,15.00,3.00,6.00,,,FALSE,,,,,,,,,,
Claude 4 Opus (Extended Thinking),Anthropic,Proprietary,200k,,87.30%,79.60%,11.70%,63.60%,39.80%,,98.20%,,,,$30.00,$15.00,$75.00,,,,,,,,,,,,,,,5/22/25,,,75.00,15.00,30.00,,,FALSE,,,,,,,,,,
Gemini 2.5 Flash Preview (May '25) (Reasoning),Google,Proprietary,,,83.20%,79.00%,11.10%,69.50%,39.40%,,98.10%,,,,$0.99,$0.15,$3.50,,,,,,,,,,,,,,,5/20/25,,,3.50,0.15,0.99,,,FALSE,,,,,,,,,,
Gemini 2.5 Flash Preview (May '25),Google,Proprietary,,,80.90%,68.30%,5.10%,49.50%,29.10%,,93.20%,,,,$0.26,$0.15,$0.60,,,,,,,,,,,,,,,5/20/25,,,0.60,0.15,0.26,,,FALSE,,,,,,,,,,
Mistral Medium 3,Mistral,Proprietary,128k,,76.00%,57.80%,4.30%,40.00%,33.10%,,90.70%,,,,$0.80,$0.40,$2.00,,,,,,,,,,,,,,,5/7/25,,,2.00,0.40,0.80,,,FALSE,,,,,,,,,,
Gemini 2.5 Pro Preview (May' 25),Google,Proprietary,1m,,83.70%,82.20%,15.40%,77.00%,41.60%,,98.60%,,,,$3.44,$1.25,$10.00,,,,,,,,,,,,,,,5/6/25,,,10.00,1.25,3.44,,,FALSE,,,,,,,whas not preview when context recorded,,,
Nova Premier,Amazon,Proprietary,1m,,73.30%,56.90%,4.70%,31.70%,27.90%,,83.90%,,,,$5.00,$2.50,$12.50,,,,,,,,,,,,,,,4/30/25,,,12.50,2.50,5.00,,,FALSE,,,,,,,whas not preview when context recorded,,,
Gemini 2.5 Flash Preview (Reasoning),Google,Proprietary,1m,,80.00%,69.80%,11.60%,50.50%,35.90%,,98.10%,,,,$0.99,$0.15,$3.50,,,,,,,,,,,,,,,4/17/25,,,3.50,0.15,0.99,,,FALSE,,,,,,,whas not preview when context recorded,,,
Gemini 2.5 Flash Preview,Google,Proprietary,1m,,78.30%,59.40%,5.00%,40.60%,23.30%,,92.60%,,,,$0.26,$0.15,$0.60,,,,,,,,,,,,,,,4/17/25,,,0.60,0.15,0.26,,,FALSE,,,,,,,whas not preview when context recorded,,,
o3,OpenAI,Proprietary,128k,,85.30%,82.70%,20.00%,78.40%,41.00%,,99.20%,,,,$17.50,$10.00,$40.00,,,,,,,,,,,,,,,4/16/25,,,40.00,10.00,17.50,,,FALSE,,,,,,,,,,
o4-mini (high),,Proprietary,200k,70,83%,78%,18%,80%,47%,99%,99%,94%,,,$1.93 ,$1.10 ,$4.40 ,134.8,70.7,111.8,156.6,180.1,35.31,35.31,5.57,21.65,45.66,67.43,39.02,0,ModelProviders,4/1/25,,,4.40,1.10,1.93,,,,,,,,,,,,,
Gemini 2.5 Pro Preview,,Proprietary,1m,68,86%,84%,17%,70%,40%,99%,98%,87%,,,$3.44 ,$1.25 ,$10.00 ,207.5,189.6,195.5,212.4,224.2,28.58,28.58,14.13,22.47,30.89,35.19,30.99,0,ModelProviders,4/1/25,,,10.00,1.25,3.44,,,,,,,,,,,,,
Grok 3 mini Reasoning (high),,Proprietary,1m,67,83%,79%,11%,70%,41%,98%,99%,93%,,,$0.35 ,$0.30 ,$0.50 ,93.1,74.4,79.3,140.4,172.2,0.38,21.88,0.29,0.32,0.47,0.52,27.25,21.49,ModelProviders,2/1/25,,,0.50,0.30,0.35,,,,,,,,,,,,,
o3-mini (high),,Proprietary,200k,66,80%,77%,12%,73%,40%,,99%,86%,,,$1.93 ,$1.10 ,$4.40 ,183.2,115.8,165.6,210.5,271.2,42.4,42.4,21.73,32.15,50.09,78.87,45.13,0,ModelProviders,1/1/25,,,4.40,1.10,1.93,,,,,,,,,,,,,
o3-mini,,Proprietary,200k,63,79%,75%,9%,72%,40%,97%,97%,77%,,,$1.93 ,$1.10 ,$4.40 ,186.1,75.7,155.4,211.6,295,13.83,13.83,8.93,11.01,17.1,24.78,16.52,0,ModelProviders,1/1/25,,,4.40,1.10,1.93,,,,,,,,,,,,,
o1,,Proprietary,200k,62,84%,75%,8%,68%,36%,97%,97%,72%,88%,,$26.25 ,$15.00 ,$60.00 ,64.9,29.9,48.7,74.1,82.2,44.43,44.43,32.67,39.73,52.08,100.52,52.14,0,ModelProviders,12/1/24,,,60.00,15.00,26.25,,,,,,,,,,,,,
Claude 3.7 Sonnet Thinking,,Proprietary,200k,57,84%,77%,10%,47%,40%,98%,95%,49%,,,$6.00 ,$3.00 ,$15.00 ,,,,,,,,,,,,,,ModelProviders,2/1/25,,,15.00,3.00,6.00,,,,,,,,,,,,,
o1-mini,,Proprietary,128k,54,74%,60%,5%,58%,32%,97%,94%,60%,83%,1308,$1.93 ,$1.10 ,$4.40 ,214.4,95.3,188.1,227.3,241.2,9.97,9.97,2.29,8.25,11.5,14.52,12.3,0,ModelProviders,9/1/24,,,4.40,1.10,1.93,,,,,,,,,,,,,
GPT-4.1 mini,,Proprietary,1m,53,78%,66%,5%,48%,40%,95%,93%,43%,,,$0.70 ,$0.40 ,$1.60 ,168.5,78.9,109.2,224.1,263,0.42,0.42,0.28,0.36,0.53,0.68,3.39,0,ModelProviders,4/1/25,,,1.60,0.40,0.70,,,,,,,,,,,,,
GPT-4.1,,Proprietary,1m,53,81%,67%,5%,46%,38%,96%,91%,44%,,,$3.50 ,$2.00 ,$8.00 ,119.4,42.5,61,136.8,151.7,0.43,0.43,0.36,0.39,0.48,0.63,4.62,0,ModelProviders,1/1/25,,,8.00,2.00,3.50,,,,,,,,,,,,,
Gemini 2.0 Flash Thinking exp. (Jan '25),,Proprietary,1m,52,80%,70%,7%,32%,33%,,94%,50%,,,$0.00 ,$0.00 ,$0.00 ,,,,,,,,,,,,,,ModelProviders,1/1/25,,,0.00,0.00,0.00,,,,,,,,,,,,,
Grok 3,,Proprietary,1m,51,80%,69%,5%,43%,37%,91%,87%,33%,,,$6.00 ,$3.00 ,$15.00 ,58.2,27.9,46.4,65.5,87.1,0.49,0.49,0.36,0.44,0.59,2.51,9.08,0,ModelProviders,4/1/25,,,15.00,3.00,6.00,,,,,,,,,,,,,
GPT-4o (March 2025),,Proprietary,128k,50,80%,66%,5%,43%,37%,96%,89%,33%,,,$7.50 ,$5.00 ,$15.00 ,181.7,102.2,160.6,202.6,219.7,0.51,0.51,0.33,0.38,0.67,1,3.26,0,ModelProviders,2/1/25,,,15.00,5.00,7.50,,,,,,,,,,,,,
Gemini 2.0 Pro Experimental,,Proprietary,2m,49,81%,62%,7%,35%,31%,95%,92%,36%,,,$0.00 ,$0.00 ,$0.00 ,201.1,174.5,191.2,213.3,232.1,28.59,28.59,15.73,23.24,33.23,36.46,31.08,0,ModelProviders,2/1/25,,,0.00,0.00,0.00,,,,,,,,,,,,,
Claude 3.7 Sonnet,,Proprietary,200k,48,80%,66%,5%,39%,38%,95%,85%,22%,,,$6.00 ,$3.00 ,$15.00 ,76,49.3,66.8,78.9,81.6,1.12,1.12,0.72,0.89,1.48,2.54,7.7,0,ModelProviders,2/1/25,,,15.00,3.00,6.00,,,,,,,,,,,,,
Gemini 2.0 Flash,,Proprietary,1m,48,78%,62%,5%,33%,31%,90%,93%,33%,,,$0.17 ,$0.10 ,$0.40 ,242,228.9,236,255.8,267.4,0.33,0.33,0.26,0.3,0.38,0.41,2.4,0,ModelProviders,2/1/25,,,0.40,0.10,0.17,,,,,,,,,,,,,
Gemini 2.0 Flash (exp),,Proprietary,1m,46,78%,64%,5%,21%,34%,91%,91%,30%,84%,,$0.00 ,$0.00 ,$0.00 ,242.2,224,232.4,247.6,254.9,0.29,0.29,0.23,0.26,0.32,0.38,2.35,0,ModelProviders,12/1/24,,,0.00,0.00,0.00,,,,,,,,,,,,,
Qwen2.5 Max,,Proprietary,32k,45,76%,59%,5%,36%,34%,93%,84%,23%,,,$2.80 ,$1.60 ,$6.40 ,51.8,46.5,49.1,52.7,53.7,1.28,1.28,1.14,1.19,1.39,1.59,10.93,0,ModelProviders,1/1/25,,,6.40,1.60,2.80,,,,,,,,,,,,,
Gemini 1.5 Pro (Sep),,Proprietary,2m,45,75%,59%,5%,32%,30%,90%,88%,23%,85%,1301,$2.19 ,$1.25 ,$5.00 ,92.9,87.9,90.5,97.2,103.7,0.66,0.66,0.45,0.54,0.87,1.96,6.04,0,ModelProviders,9/1/25,,,5.00,1.25,2.19,,,,,,,,,,,,,
Claude 3.5 Sonnet (Oct),,Proprietary,200k,44,77%,60%,4%,38%,37%,93%,77%,16%,88%,1282,$6.00 ,$3.00 ,$15.00 ,77.8,66.2,70.8,81.2,82.7,1,1,0.66,0.76,1.4,3.84,7.43,0,ModelProviders,10/1/24,,,15.00,3.00,6.00,,,,,,,,,,,,,
Sonar,,Proprietary,127k,43,69%,47%,7%,30%,23%,82%,82%,49%,,,$1.00 ,$1.00 ,$1.00 ,74.4,30.7,58.9,89.7,186.9,2.28,2.28,1.95,2.08,2.57,2.86,9.01,0,ModelProviders,1/1/25,,,1.00,1.00,1.00,,,,,,,,,,,,,
Sonar Pro,,Proprietary,200k,43,76%,58%,8%,28%,23%,85%,75%,29%,,,$6.00 ,$3.00 ,$15.00 ,60.8,36.3,50.4,74.6,119.5,2.87,2.87,2.44,2.6,3.12,3.35,11.09,0,ModelProviders,1/1/25,,,15.00,3.00,6.00,,,,,,,,,,,,,
GPT-4o (Nov '24),,Proprietary,128k,41,75%,54%,3%,31%,33%,93%,76%,15%,84%,1361,$4.38 ,$2.50 ,$10.00 ,144.3,62,115.8,161.6,185.3,0.56,0.56,0.48,0.51,0.62,0.74,4.02,0,ModelProviders,11/1/24,,,10.00,2.50,4.38,,,,,,,,,,,,,
Gemini 2.0 Flash-Lite (Feb '25),,Proprietary,1m,41,72%,54%,4%,19%,25%,88%,87%,28%,,,$0.13 ,$0.07 ,$0.30 ,197,183.2,191.9,206.4,225.1,0.27,0.27,0.23,0.25,0.3,0.33,2.81,0,ModelProviders,2/1/25,,,0.30,0.07,0.13,,,,,,,,,,,,,
GPT-4.1 nano,,Proprietary,1m,41,66%,51%,4%,33%,26%,88%,85%,24%,,,$0.17 ,$0.10 ,$0.40 ,262.8,160.4,220.5,331.5,411.9,0.62,0.62,0.25,0.33,0.89,1.26,2.53,0,ModelProviders,4/1/25,,,0.40,0.10,0.17,,,,,,,,,,,,,
GPT-4o (May '24),,Proprietary,128k,41,74%,53%,3%,33%,31%,94%,79%,11%,,1285,$7.50 ,$5.00 ,$15.00 ,110.5,83.4,97,115.1,137,0.55,0.55,0.4,0.51,0.62,0.91,5.08,0,ModelProviders,5/1/24,,,15.00,5.00,7.50,,,,,,,,,,,,,
Grok 2,,Proprietary,131k,39,71%,51%,4%,27%,28%,86%,78%,13%,,,$0.00 ,$0.00 ,$0.00 ,,,,,,,,,,,,,,ModelProviders,12/1/24,,,0.00,0.00,0.00,,,,,,,,,,,,,
Gemini 1.5 Flash (Sep),,Proprietary,1m,39,68%,46%,4%,27%,27%,84%,83%,18%,81%,1271,$0.13 ,$0.07 ,$0.30 ,191.8,179.5,186.9,197.1,202.9,0.22,0.22,0.2,0.21,0.22,0.26,2.83,0,ModelProviders,9/1/24,,,0.30,0.07,0.13,,,,,,,,,,,,,
Grok Beta,,Proprietary,128k,38,70%,47%,5%,24%,30%,87%,74%,10%,,1289,$7.50 ,$5.00 ,$15.00 ,63.5,59.9,62.1,67,68.6,0.31,0.31,0.24,0.28,0.38,0.44,8.18,0,ModelProviders,8/1/24,,,15.00,5.00,7.50,,,,,,,,,,,,,
Nova Pro,,Proprietary,300k,37,69%,50%,3%,23%,21%,83%,79%,11%,83%,,$1.75 ,$1.00 ,$4.00 ,103.6,93.4,98.4,116.2,123.5,0.41,0.41,0.36,0.39,0.46,0.55,5.24,0,ModelProviders,12/1/24,,,4.00,1.00,1.75,,,,,,,,,,,,,
GPT-4o mini,,Proprietary,128k,36,65%,43%,4%,23%,23%,88%,79%,12%,80%,1273,$0.26 ,$0.15 ,$0.60 ,77.1,52,66.4,79.2,87.5,0.37,0.37,0.29,0.34,0.44,0.49,6.85,0,ModelProviders,7/1/24,,,0.60,0.15,0.26,,,,,,,,,,,,,
Claude 3 Opus,,Proprietary,200k,35,70%,49%,3%,28%,23%,85%,64%,3%,,1248,$30.00 ,$15.00 ,$75.00 ,28,23.7,26.2,29.1,31.3,1.12,1.12,0.97,1.05,1.25,1.9,19.01,0,ModelProviders,3/1/24,,,75.00,15.00,30.00,,,,,,,,,,,,,
Claude 3.5 Haiku,,Proprietary,200k,35,63%,41%,4%,31%,27%,86%,72%,3%,78%,,$1.60 ,$0.80 ,$4.00 ,65.7,58.1,62.5,67.4,69.4,6.15,6.15,2.33,4.32,7.7,10.23,13.76,0,ModelProviders,10/1/24,,,4.00,0.80,1.60,,,,,,,,,,,,,
Gemini 1.5 Pro (May),,Proprietary,2m,34,66%,37%,4%,24%,27%,83%,67%,8%,,1260,$2.19 ,$1.25 ,$5.00 ,65.1,62.6,63.9,67.7,69.3,0.38,0.38,0.35,0.37,0.41,0.44,8.06,0,ModelProviders,5/1/24,,,5.00,1.25,2.19,,,,,,,,,,,,,
Qwen Turbo,,Proprietary,1m,34,63%,41%,4%,16%,15%,85%,81%,12%,,,$0.09 ,$0.05 ,$0.20 ,109.9,94.1,104.1,111.5,115.1,1,1,0.95,0.97,1.12,1.25,5.54,0,ModelProviders,11/1/24,,,0.20,0.05,0.09,,,,,,,,,,,,,
Nova Lite,,Proprietary,300k,33,59%,43%,5%,17%,14%,84%,77%,11%,76%,,$0.10 ,$0.06 ,$0.24 ,280.6,241.3,262.9,301.9,321.2,0.36,0.36,0.32,0.34,0.38,0.41,2.14,0,ModelProviders,12/1/24,,,0.24,0.06,0.10,,,,,,,,,,,,,
Gemini 1.5 Flash-8B,,Proprietary,1m,31,57%,36%,5%,22%,23%,12%,69%,3%,74%,1211,$0.07 ,$0.04 ,$0.15 ,284.9,270.6,276.7,290.9,298,0.21,0.21,0.17,0.19,0.22,0.29,1.97,0,ModelProviders,5/1/24,8,,0.15,0.04,0.07,,,,,,,,,8,,,,
Gemini 1.5 Flash (May),,Proprietary,1m,28,57%,32%,4%,20%,18%,72%,55%,9%,,1227,$0.13 ,$0.07 ,$0.30 ,308.2,284.9,301.3,324.6,344.2,0.29,0.29,0.26,0.28,0.31,0.38,1.92,0,ModelProviders,5/1/24,,,0.30,0.07,0.13,,,,,,,,,,,,,
Nova Micro,,Proprietary,130k,28,53%,36%,5%,14%,9%,80%,70%,8%,71%,,$0.06 ,$0.04 ,$0.14 ,318.6,284.2,307.4,347.2,361.2,0.32,0.32,0.28,0.3,0.35,0.38,1.89,0,ModelProviders,12/1/24,,,0.14,0.04,0.06,,,,,,,,,,,,,
Yi-Large,,Proprietary,32k,28,59%,36%,3%,11%,19%,74%,56%,7%,,1213,$3.00 ,$3.00 ,$3.00 ,69.1,63.4,65.9,70.2,81.3,0.45,0.45,0.37,0.41,0.61,1.7,7.68,0,ModelProviders,5/1/24,,,3.00,3.00,3.00,,,,,,,,,,,,,
Claude 3 Sonnet,,Proprietary,200k,28,58%,40%,4%,18%,23%,71%,41%,5%,,1201,$6.00 ,$3.00 ,$15.00 ,60.1,52.3,58.6,61.7,64.8,0.55,0.55,0.49,0.5,0.6,1.14,8.86,0,ModelProviders,3/1/24,,,15.00,3.00,6.00,,,,,,,,,,,,,
Codestral (Jan '25),,Proprietary,256k,28,45%,31%,5%,24%,25%,85%,61%,4%,,,$0.45 ,$0.30 ,$0.90 ,183.1,20.8,101.2,202,209.7,0.35,0.35,0.23,0.26,0.51,1.36,3.08,0,ModelProviders,1/1/25,,,0.90,0.30,0.45,,,,,,,,,,,,,
Mistral Large (Feb '24),,Proprietary,33k,26,52%,35%,3%,18%,21%,71%,53%,0%,,1157,$6.00 ,$4.00 ,$12.00 ,31.4,18.7,30.2,32.1,32.6,0.56,0.56,0.43,0.46,0.66,1.2,16.5,0,ModelProviders,2/1/24,,,12.00,4.00,6.00,,,,,,,,,,,,,
Claude 2.1,,Proprietary,200k,24,50%,32%,4%,20%,18%,16%,37%,3%,,1118,$12.00 ,$8.00 ,$24.00 ,14.1,13.5,13.7,14.2,14.4,0.85,0.85,0.79,0.82,0.87,0.95,36.32,0,ModelProviders,11/1/23,,,24.00,8.00,12.00,,,,,,,,,,,,,
Mistral Small (Feb '24),,Proprietary,33k,23,42%,30%,4%,11%,13%,79%,56%,1%,,,$1.50 ,$1.00 ,$3.00 ,157.1,68.9,114.5,182.1,191.6,0.33,0.33,0.25,0.3,0.39,1.28,3.51,0,ModelProviders,2/1/24,,,3.00,1.00,1.50,,,,,,,,,,,,,
Mistral Medium,,Proprietary,33k,23,49%,35%,3%,10%,12%,,41%,4%,,1148,$4.09 ,$2.75 ,$8.10 ,40.2,3.9,38.5,41.6,42.7,0.46,0.46,0.34,0.39,0.61,1.66,12.9,0,ModelProviders,12/1/23,,,8.10,2.75,4.09,,,,,,,,,,,,,
LFM 40B,,Proprietary,32k,22,43%,33%,5%,10%,7%,51%,48%,2%,,,$0.15 ,$0.15 ,$0.15 ,167.7,149.6,162,176.1,179.9,0.43,0.43,0.14,0.18,0.47,0.54,3.41,0,ModelProviders,9/1/24,40,,0.15,0.15,0.15,,,,,,,,,40,,,,
Gemini 1.0 Pro,,Proprietary,33k,21,43%,28%,5%,12%,12%,2%,40%,1%,,1111,$0.75 ,$0.50 ,$1.50 ,,,,,,,,,,,,,,ModelProviders,12/1/23,,,1.50,0.50,0.75,,,,,,,,,,,,,
Ministral 3B,,Proprietary,128k,20,34%,26%,6%,7%,9%,74%,54%,0%,,,$0.04 ,$0.04 ,$0.04 ,217.7,17.9,95.6,237,243.7,0.33,0.33,0.25,0.28,0.51,1.48,2.63,0,ModelProviders,10/1/24,3,,0.04,0.04,0.04,,,,,,,,,3,,,,
o1-preview,,Proprietary,128k,,,,,,,96%,92%,,86%,1334,$26.25 ,$15.00 ,$60.00 ,156.3,74.4,129.2,166,176.5,21.97,21.97,12.2,15.14,25.99,36.66,25.17,0,ModelProviders,9/1/24,,,60.00,15.00,26.25,,,,,,,,,,,,,
GPT-4o (Aug '24),,Proprietary,128k,,,52%,3%,32%,,93%,80%,12%,87%,1337,$4.38 ,$2.50 ,$10.00 ,101.2,59.7,78.5,115.3,138.3,0.58,0.58,0.4,0.53,0.65,0.94,5.52,0,ModelProviders,8/1/24,,,10.00,2.50,4.38,,,,,,,,,,,,,
GPT-4o mini Realtime (Dec '24),,Proprietary,128k,,,,,,,,,,,,$0.00 ,$0.00 ,$0.00 ,,,,,,,,,,,,,,ModelProviders,12/1/24,,,0.00,0.00,0.00,,,,,,,,,,,,,
o1-pro,,Proprietary,200k,,,,,,,,,,,,$262.50 ,$150.00 ,$600.00 ,,,,,,,,,,,,,,ModelProviders,3/1/25,,,600.00,150.00,262.50,,,,,,,,,,,,,
GPT-4o Realtime (Dec '24),,Proprietary,128k,,,,,,,,,,,,$0.00 ,$0.00 ,$0.00 ,,,,,,,,,,,,,,ModelProviders,12/1/24,,,0.00,0.00,0.00,,,,,,,,,,,,,
o3,,Proprietary,128k,,,83%,,,,,99%,90%,,,$17.50 ,$10.00 ,$40.00 ,,,,,,,,,,,,,,ModelProviders,4/1/25,,,40.00,10.00,17.50,,,,,,,,,,,,,
GPT-4.5 (Preview),,Proprietary,128k,,,71%,,,,,,,,,$93.75 ,$75.00 ,$150.00 ,54.2,35.3,45.3,67.3,75.8,1.17,1.17,0.87,1.08,1.31,2.93,10.4,0,ModelProviders,2/1/25,,,150.00,75.00,93.75,,,,,,,,,,,,,
Gemini 2.0 Flash Thinking exp. (Dec '24),,Proprietary,2m,,,,,,,94%,48%,,,,$0.00 ,$0.00 ,$0.00 ,,,,,,,,,,,,,,ModelProviders,12/1/24,,,0.00,0.00,0.00,,,,,,,,,,,,,
Claude 3.5 Sonnet (June),,Proprietary,200k,,75%,56%,4%,,32%,90%,70%,10%,,1268,$6.00 ,$3.00 ,$15.00 ,79.4,67.5,76.3,80.8,83.7,0.69,0.69,0.54,0.62,0.92,1.95,6.98,0,ModelProviders,6/1/24,,,15.00,3.00,6.00,,,,,,,,,,,,,
Claude 3 Haiku,,Proprietary,200k,,,,,15%,19%,76%,39%,1%,68%,1179,$0.50 ,$0.25 ,$1.25 ,138.3,118.1,132.2,147.5,153.4,0.42,0.42,0.34,0.37,0.47,0.57,4.03,0,ModelProviders,3/1/24,,,1.25,0.25,0.50,,,,,,,,,,,,,
Mistral Saba,,Proprietary,32k,,61%,42%,4%,,24%,85%,68%,13%,,,$0.30 ,$0.20 ,$0.60 ,96.4,31.2,70,99.8,103.9,0.43,0.43,0.29,0.34,0.65,0.89,5.62,0,ModelProviders,2/1/25,24,,0.60,0.20,0.30,,,,https://mistral.ai/news/mistral-saba,,,,,,,,,
Sonar Reasoning,,Proprietary,127k,,,62%,,,,,92%,77%,,,$2.00 ,$1.00 ,$5.00 ,78.2,70.4,74.2,82.6,85.9,1.96,27.54,1.57,1.68,2.18,2.83,33.93,25.58,ModelProviders,1/1/25,,,5.00,1.00,2.00,,,,,,,,,,,,,
Sonar Reasoning Pro,,Proprietary,127k,,,,,,,,96%,79%,,,$0.00 ,$0.00 ,$0.00 ,,,,,,,,,,,,,,ModelProviders,1/1/25,,,0.00,0.00,0.00,,,,,,,,,,,,,
Grok 3 mini,,Proprietary,1m,,,,,,,,,,,,$0.00 ,$0.00 ,$0.00 ,,,,,,,,,,,,,,ModelProviders,,,,0.00,0.00,0.00,,,,,,,,,,,,,
Grok 3 Reasoning Beta,,Proprietary,1m,,,,,,,,,,,,$0.00 ,$0.00 ,$0.00 ,,,,,,,,,,,,,,ModelProviders,,,,0.00,0.00,0.00,,,,,,,,,,,,,
Reka Flash,,Proprietary,128k,,,,,,,74%,53%,,,,$0.35 ,$0.20 ,$0.80 ,46,45.6,45.9,46.3,46.6,0.97,0.97,0.89,0.93,1.01,1.06,11.82,0,ModelProviders,10/1/24,21,,0.80,0.20,0.35,,,,,,,,,,,,,
Reka Core,,Proprietary,128k,,,,,,,73%,56%,,,1199,$2.00 ,$2.00 ,$2.00 ,27.9,26.7,27.2,28.2,28.3,0.96,0.96,0.9,0.92,1.05,1.15,18.85,0,ModelProviders,4/1/24,67,,2.00,2.00,2.00,,,,,,,,,,,,,
Reka Flash (Feb '24),,Proprietary,128k,,,,,,,61%,33%,,,1165,$0.35 ,$0.20 ,$0.80 ,46.1,44.8,45.3,46.2,46.5,0.96,0.96,0.86,0.92,1.02,1.09,11.82,0,ModelProviders,2/1/24,,,0.80,0.20,0.35,,,,,,,,,,,,,
Reka Edge,,Proprietary,128k,,,,,,,41%,22%,,,,$0.10 ,$0.10 ,$0.10 ,84.2,82.3,82.9,86.5,87.9,0.95,0.95,0.85,0.9,1,1.04,6.89,0,ModelProviders,2/1/24,7,,0.10,0.10,0.10,,,,,,,,,,,,,
GPT-4 Turbo,,Proprietary,128k,,69%,,3%,29%,32%,92%,74%,15%,,1256,$15.00 ,$10.00 ,$30.00 ,34.6,18.6,26.2,40.8,52.4,0.71,0.71,0.56,0.63,0.87,1.17,15.17,0,ModelProviders,11/1/23,,,30.00,10.00,15.00,,,,,,,,,,,,,
GPT-4,,Proprietary,8k,,,,,,,,,,,1186,$37.50 ,$30.00 ,$60.00 ,23.6,19.6,22,25.6,28.2,0.74,0.74,0.58,0.66,0.85,1.16,21.97,0,ModelProviders,3/1/23,,,60.00,30.00,37.50,,,,,,,,,,,,,
GPT-4o (ChatGPT),,Proprietary,128k,,77%,51%,4%,,33%,94%,80%,10%,,,$7.50 ,$5.00 ,$15.00 ,,,,,,,,,,,,,,ModelProviders,2/1/25,,,15.00,5.00,7.50,,,,,,,,,,,,,
Gemini 2.0 Flash-Lite (Preview),,Proprietary,1m,,,54%,4%,18%,25%,90%,87%,30%,,,$0.13 ,$0.07 ,$0.30 ,201.4,181.9,192.4,206.7,224.9,0.28,0.28,0.23,0.26,0.31,0.37,2.76,0,ModelProviders,2/1/25,,,0.30,0.07,0.13,,,,,,,,,,,,,
Claude 2.0,,Proprietary,100k,,49%,34%,,17%,19%,,,0%,,1132,$12.00 ,$8.00 ,$24.00 ,30.7,29.5,30.2,31.6,33.1,0.88,0.88,0.79,0.83,0.95,1.4,17.18,0,ModelProviders,7/1/23,,,24.00,8.00,12.00,,,,,,,,,,,,,
Jamba Instruct,,Proprietary,256k,,34%,27%,,,,,,,,,,,,,,,,,,,,,,,,,,,,,,,,,,,,,,,,,,,,